50003
50004
50005
50006
50007
50008
50010
50011
50012
50013
50014
50015
50016
50020
50022
50023
50024
50025
50026
50027
50028
50030
50031
50032
50033
50034
50035
50036
50037
50038
50039
50040
50041
50042
50043
50044
50045
50046
50047
50048
50049
50050
50051
50052
50053
50054
50056
50057
50059
50060
50102
50103
50104
50105
50106
50107
50109
50111
50112
50113
50114
50115
50116
50117
50118
50119
50121
50123
50124
50125
50127
50128
50129
50130
50131
50132
50134
50135
50142
50143
50144
50145
50146
50147
50148
50149
50150
50152
50153
50156
50157
50158
50159
50160
50161
50162
50163
50164
50167
50168
50169
50170
50171
50182
50183
50184
50186
50187
50188
50189
50190
50193
50194
50195
50196
50198
50199
50200
50201
50202
50203
50204
50205
50206
50208
50210
50213
50214
50215
50217
50232
50233
50234
50236
50237
50239
50240
50241
50243
50245
50247
50248
50249
50250
50251
50252
50253
50254
50255
50257
50259
50260
50261
50262
50263
50264
50265
50266
50267
50268
50269
50270
50271
50272
50273
50274
50275
50276
50278
50282
50284
50285
50287
50289
50290
50291
50292
50293
50294
50295
50297
50298
50300
50301
50302
50304
50308
50310
50312
50314
50315
50318
50319
50320
50321
50324
50325
50327
50329
50330
50331
50332
50333
50334
50335
50336
50337
50338
50339
50340
50341
50342
50343
50344
50345
50346
50347
50348
50349
50350
50351
50352
50353
50354
50355
50356
50357
50358
50359
50360
50361
50362
50363
50364
50365
50366
50367
50368
50369
50370
50372
50373
50374
50375
50376
50377
50379
50380
50381
50382
50383
50385
50386
50387
50388
50390
50391
50397
50399
50402
50403
50404
50405
50406
50407
50408
50410
50411
50412
50413
50414
50415
50416
50417
50418
50419
50421
50422
50424
50425
50426
50427
50428
50433
50434
50435
50436
50437
50438
50439
50440
50441
50442
50443
50444
50445
50446
50447
50448
50449
50453
50463
50466
50467
50468
50469
50470
50477
50480
50481
50482
50483
50485
50486
50487
50488
50490
50491
50492
50493
50494
50496
50497
50498
50499
50500
50501
50502
50503
50504
50507
50509
50510
50514
50515
50516
50518
50519
50520
50521
50523
50524
50525
50526
50527
50528
50529
50530
50531
50532
50551
50552
50555
50557
50558
50561
50563
50565
50568
50569
50570
50571
50572
50573
50574
50575
50576
50577
50578
50601
50602
50603
50604
50606
50607
50608
50612
50613
50614
50615
50616
50619
50620
50621
50622
50623
50624
50625
50626
50627
50628
50642
50644
50647
50648
50649
50654
50656
50659
50664
50665
50669
50682
50683
50685
50686
50687
50688
50689
50690
50691
50692
50693
50694
50695
50696
50697
50698
50699
50700
50701
50702
50703
50704
50705
50706
50707
50708
50709
50711
50722
50723
50724
50725
50726
50728
50730
50731
50733
50735
50737
50738
50739
50740
50741
50742
50743
50744
50745
50748
50749
50750
50751
50752
50754
50755
50756
50757
50772
50773
50774
50775
50776
50777
50778
50780
50781
50782
50783
50786
50790
50791
50792
50796
50797
50798
50799
50800
50801
50803
50807
50812
50814
50816
50817
50818
50820
50821
50822
50823
50824
50952
50954
50955
50956
50957
50958
50959
50960
50961
50962
50964
50965
50966
50967
50968
50969
50970
50972
50973
50974
50976
50977
50978
50979
50981
50982
50983
50984
50985
50986
50987
50988
50989
50990
50991
50992
50993
50994
50995
50996
50997
50999
51000
51001
51002
51003
51006
51007
51008
51009
51010
51011
51012
51013
51014
51015
51016
51017
51018
51019
51020
51021
51023
51024
51025
51026
51027
51028
51029
51030
51032
51033
51034
51035
51036
51038
51039
51040
51041
51042
51044
51045
51046
51047
51048
51049
51050
51051
51052
51053
51054
51055
51056
51057
51058
51059
51060
51061
51062
51063
51064
51065
51066
51067
51068
51069
51070
51072
51073
51074
51075
51076
51077
51078
51079
51080
51081
51082
51083
51084
51085
51086
51087
51088
51089
51090
51091
51093
51094
51095
51096
51097
51098
51099
51100
51101
51102
51103
51104
51105
51106
51107
51109
51110
51111
51112
51113
51114
51116
51117
51118
51122
51123
51124
51126
51127
51128
51129
51130
51131
51132
51133
51134
51135
51136
51137
51138
51139
51140
51141
51142
51146
51147
51148
51149
51150
51151
51152
51153
51154
51155
51156
51159
51161
51162
51163
51164
51168
51169
51170
51171
51173
51177
51178
51179
51180
51181
51182
51183
51184
51185
51187
51188
51189
51192
51194
51197
51198
51201
51202
51203
51204
51205
51206
51207
51208
51210
51211
51212
51214
51215
51216
51217
51218
51219
51220
51221
51222
51223
51224
51225
51226
51228
51229
51230
51231
51234
51235
51236
51237
51239
51240
51241
51248
51249
51250
51251
51252
51253
51254
51255
51256
51257
51260
51261
51262
51264
51265
51266
51267
51268
51269
51271
51272
51273
51275
51276
51277
51278
51279
51280
51281
51291
51292
51293
51294
51295
51297
51298
51299
51300
51301
51302
51303
51304
51305
51306
51307
51308
51309
51311
51313
51315
51318
51319
51320
51321
51322
51323
51325
51326
51327
51328
51329
51330
51331
51332
51333
51334
51335
51336
51338
51339
51340
51341
51342
51343
51344
51345
51346
51347
51349
51350
51351
51354
51356
51357
51359
51360
51361
51362
51363
51364
51365
51369
51370
51373
51461
51463
51464
51465
51473
51477
51479
51480
51481
51482
51484
51487
51488
51491
51493
51556
51557
51558
51559
51560
51562
51563
51564
51565
51566
51567
51568
51569
51570
51572
51573
51574
51576
51577
51578
51579
51580
51582
51583
51584
51585
51606
51607
